Robot0
0	0	0	0	0	0	0	0	0	1	7	8	7	14	18	18	11	14	12	12	8	8	6	13	23	25	15	11	12	8	2	0	

0	2	1	1	0	0	0	0	0	0	11	20	17	25	20	17	16	22	14	16	9	8	11	14	17	14	13	15	14	12	2	0	

2	4	1	2	2	1	0	0	0	2	10	21	22	28	23	17	24	26	15	12	7	8	7	5	14	11	20	16	16	13	0	0	

3	3	1	0	0	0	0	0	1	4	9	17	22	30	33	33	38	37	23	17	8	11	13	6	12	14	24	17	17	10	2	0	

6	5	2	1	0	1	2	4	1	7	18	19	21	39	36	19	21	19	13	11	8	7	10	9	15	11	19	14	12	10	3	0	

12	10	4	3	1	1	4	11	10	9	19	22	27	33	33	28	28	24	11	10	2	1	2	7	13	12	22	13	14	12	6	2	

10	12	6	0	2	2	2	4	11	13	19	20	22	20	24	26	24	28	9	11	6	2	2	9	7	8	14	10	14	13	9	2	

7	11	14	9	4	5	3	5	10	7	16	18	16	11	20	13	14	20	6	4	8	6	5	12	7	6	5	3	7	13	13	4	

13	14	13	16	12	8	8	10	18	12	6	10	19	11	17	13	14	17	7	5	8	10	3	3	3	3	3	5	8	12	11	4	

12	19	13	16	14	9	11	12	20	19	12	16	20	17	15	13	16	19	14	14	11	10	7	3	2	4	9	11	7	6	5	2	

9	25	17	18	19	15	20	17	25	20	20	28	25	23	21	20	20	20	14	14	11	6	7	6	3	2	5	9	14	19	14	10	

4	16	14	14	18	15	20	16	23	17	22	23	20	20	30	22	15	16	16	18	19	7	5	8	6	4	5	5	9	14	9	6	

5	12	17	23	17	23	25	18	29	26	20	11	12	12	32	17	14	11	9	9	10	4	1	9	8	3	3	4	5	6	7	4	

10	18	25	35	17	16	21	11	16	18	13	11	13	5	13	9	12	15	10	5	4	4	6	10	7	5	6	3	4	5	1	2	

10	18	13	11	15	15	18	6	4	8	6	6	6	3	6	5	8	12	11	6	7	4	7	7	5	6	4	4	5	3	5	3	

17	29	21	10	18	16	17	13	9	7	6	6	8	8	6	5	7	13	20	8	11	9	4	4	5	8	5	6	6	6	7	5	

17	20	16	20	26	19	19	13	10	10	9	9	8	7	7	4	8	13	20	9	7	8	6	4	4	10	8	7	8	7	5	4	

8	11	8	15	21	13	13	12	14	11	6	3	5	7	11	7	9	10	17	12	6	8	8	5	8	5	2	6	9	4	2	2	

4	11	10	7	9	15	12	8	14	10	7	4	5	8	13	10	14	7	8	14	12	9	10	7	5	5	5	0	3	3	1	0	

9	15	15	10	13	12	6	3	5	8	10	10	9	14	19	13	17	8	7	18	18	7	10	9	3	2	4	2	4	4	0	0	

6	14	21	14	9	4	2	2	0	7	4	5	6	16	19	15	15	11	6	9	10	6	7	3	1	2	1	2	6	6	3	3	

10	12	7	5	3	2	3	2	4	12	4	4	4	16	15	12	7	6	4	5	8	8	9	9	4	7	5	2	7	6	3	5	

19	12	6	8	5	2	5	7	7	11	4	5	4	10	8	12	6	0	1	2	4	7	10	13	9	12	13	17	23	21	15	10	

12	7	7	8	5	0	1	1	2	4	5	10	6	7	5	8	9	7	6	4	2	5	8	14	11	7	7	19	20	13	15	11	

2	6	5	5	6	1	3	2	3	4	8	22	19	10	3	6	9	6	8	6	4	9	10	14	10	1	0	7	15	7	3	4	

1	6	6	4	4	0	3	6	8	10	15	26	20	8	5	6	9	9	12	9	7	9	10	13	13	5	3	5	13	11	9	7	

3	0	2	3	4	3	1	4	5	4	15	31	18	5	5	9	8	12	21	16	12	15	13	8	11	6	5	5	14	14	10	12	

6	5	1	1	5	5	1	3	4	0	13	19	12	10	12	14	8	9	13	13	19	15	10	5	6	5	8	3	12	14	14	13	

1	2	1	1	3	4	1	1	3	4	18	23	21	14	10	16	8	3	14	21	16	11	8	8	14	12	14	9	8	8	19	15	

2	4	2	1	0	4	4	5	5	2	7	17	12	16	11	14	15	12	13	20	14	11	11	7	11	6	8	14	13	12	24	11	

1	2	1	1	1	4	1	2	4	4	5	17	10	11	6	7	10	13	14	11	15	18	19	11	20	16	12	9	9	8	15	7	

1	1	0	1	1	1	0	1	3	4	6	13	7	4	0	3	4	5	8	3	9	15	17	15	18	12	10	6	5	11	13	7	

Robot1
11	18	17	17	18	14	14	10	5	5	9	8	6	13	13	7	3	8	10	4	7	7	10	11	11	7	6	2	2	3	2	1	

13	25	32	32	26	16	21	14	5	7	10	8	8	10	6	7	6	7	9	6	14	7	11	16	20	13	12	5	5	4	1	0	

13	16	11	11	9	6	18	13	9	5	2	2	0	0	1	4	5	2	6	8	14	11	11	14	19	18	13	3	5	2	3	1	

9	8	6	5	9	7	15	8	8	7	3	2	0	0	3	10	9	4	4	10	14	13	7	12	22	20	11	4	5	0	9	3	

10	16	16	11	16	5	7	5	2	1	3	2	0	2	1	4	4	8	8	6	6	9	9	7	17	24	12	7	5	6	11	3	

17	26	20	17	19	10	11	9	7	4	3	3	0	4	7	9	4	6	7	5	5	6	7	6	9	19	12	10	7	12	10	5	

24	28	18	16	15	10	13	10	10	12	9	10	5	9	9	6	4	7	13	11	6	2	2	4	10	19	8	14	11	18	14	5	

21	24	22	18	12	6	9	9	9	11	7	11	9	12	9	4	9	15	9	9	13	8	9	9	14	16	8	12	11	14	12	7	

21	21	18	20	13	14	19	14	17	12	11	8	7	11	15	6	9	19	16	7	11	11	16	16	16	13	15	11	11	8	8	7	

12	18	23	24	10	10	15	14	19	12	14	19	16	14	14	8	13	18	14	8	6	5	4	5	8	6	7	6	11	15	13	11	

5	14	20	25	16	15	11	16	18	14	17	22	19	20	17	19	15	11	8	6	4	12	11	5	4	1	1	4	7	8	9	10	

5	9	17	21	17	15	7	11	24	14	11	13	12	15	21	22	19	8	7	8	11	14	12	7	2	0	0	0	1	3	9	6	

9	15	17	13	14	13	9	7	11	9	11	14	16	19	23	14	15	7	10	11	8	9	8	12	7	1	0	0	1	6	6	1	

10	16	11	8	9	11	7	4	4	4	14	25	25	20	17	16	20	10	9	6	6	9	7	6	8	2	0	2	5	13	11	2	

7	10	11	5	3	6	9	6	4	6	9	18	18	12	20	17	14	10	8	6	11	13	17	11	8	9	6	5	7	13	13	5	

7	12	8	5	8	9	10	6	2	3	3	8	14	13	17	17	17	18	12	9	9	18	25	11	11	14	12	5	6	13	14	10	

6	14	11	8	7	8	6	2	1	2	2	8	14	16	12	13	11	11	7	11	17	22	30	26	21	17	21	13	4	6	6	8	

3	6	9	7	12	9	2	4	3	1	2	8	10	10	8	8	8	8	7	11	14	23	22	18	18	14	13	12	8	8	11	13	

4	2	5	3	2	2	2	7	9	2	0	6	13	9	5	4	12	8	7	13	16	24	30	26	18	13	15	10	8	5	5	8	

4	1	0	0	0	3	9	4	8	3	2	9	10	12	4	6	22	16	22	24	19	24	29	26	22	15	14	7	7	14	17	11	

2	2	2	1	0	2	7	2	7	4	2	10	6	11	7	11	16	17	38	32	18	22	26	34	28	21	17	15	18	18	17	16	

1	0	2	1	0	0	0	0	4	5	5	13	8	5	6	14	14	20	31	21	16	22	22	21	22	27	15	18	23	15	13	15	

2	1	3	0	1	0	3	3	6	7	8	11	7	5	4	16	17	22	21	13	15	18	28	18	22	30	20	21	25	15	15	13	

3	2	1	0	4	3	3	2	4	8	5	5	9	7	6	19	14	16	18	9	12	24	33	19	23	24	20	15	14	13	16	6	

2	1	0	0	2	1	0	2	4	12	8	9	17	9	10	21	14	16	16	10	14	23	26	23	15	19	21	13	9	5	10	5	

1	0	0	0	1	2	1	4	4	5	7	13	12	6	6	17	16	19	14	13	13	21	22	28	22	18	21	15	12	14	9	6	

0	0	0	0	0	1	0	2	8	7	5	9	5	3	4	12	8	17	11	8	9	12	17	24	19	12	11	8	6	11	7	2	

0	0	0	0	1	2	2	1	5	7	3	2	2	3	3	7	10	16	14	9	4	7	14	17	15	7	8	5	4	7	10	4	

0	0	0	1	4	2	1	4	10	11	7	5	3	4	4	7	7	14	15	5	3	4	12	7	10	7	12	6	6	11	15	8	

0	0	0	0	1	1	3	5	7	7	5	3	3	4	5	11	11	13	16	5	5	8	13	10	9	11	14	6	9	15	16	11	

0	0	0	0	2	3	4	8	9	3	6	8	5	7	7	7	8	3	11	7	3	3	12	15	7	8	16	13	10	10	6	4	

0	0	0	0	0	0	0	6	10	3	2	1	2	4	4	3	3	2	7	6	4	3	6	6	4	7	12	10	9	6	4	1	

Robot2
14	19	20	15	17	10	15	16	16	16	13	9	7	5	5	4	3	4	10	9	2	4	3	1	2	3	4	3	2	3	5	3	

20	26	25	13	15	9	22	20	12	19	18	18	12	6	10	9	6	5	13	14	12	6	3	2	7	5	5	2	2	6	6	3	

20	23	15	7	7	10	19	19	20	19	10	10	10	3	6	5	3	4	8	7	14	8	3	4	9	6	7	5	4	6	12	6	

13	11	13	20	23	21	31	26	21	16	9	7	4	0	2	2	3	7	8	7	10	18	13	6	3	3	1	1	3	6	12	5	

15	9	13	24	21	19	29	27	16	13	10	4	3	2	1	0	1	7	10	22	11	10	17	13	6	3	4	4	6	9	13	8	

18	9	9	27	13	14	21	26	18	13	10	2	3	3	1	0	2	3	15	30	13	7	11	3	4	1	2	4	9	8	9	7	

17	8	4	14	8	12	11	15	12	5	4	3	2	5	4	2	4	4	11	16	14	12	8	3	5	5	1	2	8	11	15	8	

20	17	7	8	3	5	6	6	6	3	4	3	1	1	1	3	4	5	10	12	12	7	3	2	3	9	3	5	5	6	11	6	

13	18	11	9	9	8	7	5	7	6	4	3	1	6	5	6	5	5	10	4	8	5	5	6	8	10	8	11	8	5	2	2	

13	19	11	7	10	15	12	2	7	16	10	6	8	13	5	5	4	3	9	6	10	9	10	4	5	4	11	14	7	4	0	0	

6	10	6	6	9	8	10	6	12	21	18	11	7	11	10	5	4	1	4	5	6	7	11	5	2	4	4	4	2	1	1	0	

9	7	8	11	13	17	14	10	12	12	9	9	12	7	8	4	1	1	4	3	6	11	10	4	1	4	2	2	3	1	4	1	

11	4	4	12	8	13	7	4	6	19	15	12	12	9	13	15	9	5	9	12	8	17	8	1	1	1	2	2	3	3	3	1	

12	9	11	14	7	14	11	3	2	12	12	17	11	11	11	11	11	9	7	11	6	14	7	4	0	1	4	2	8	12	9	5	

11	9	16	20	11	16	10	6	5	10	3	9	14	17	15	12	15	9	6	8	5	5	5	6	3	2	2	1	9	9	5	2	

11	10	13	15	19	31	19	18	12	11	9	8	11	18	18	13	8	12	8	13	15	5	4	3	3	2	1	1	2	3	4	1	

19	25	17	14	20	22	23	27	19	17	14	12	17	13	9	16	14	15	10	13	10	7	9	5	7	5	5	6	8	5	7	3	

17	18	10	14	29	26	37	31	15	20	14	8	10	11	8	9	10	13	16	9	4	10	13	12	14	16	12	4	11	6	9	10	

8	16	20	13	18	12	21	21	15	28	20	13	7	8	7	12	16	17	17	7	2	5	7	15	13	12	15	9	7	4	8	14	

7	15	14	14	14	11	15	17	16	19	8	5	3	7	5	8	10	6	7	6	7	7	8	13	15	15	18	18	11	6	8	13	

7	12	8	9	9	11	8	10	14	6	1	8	10	12	8	6	3	4	2	2	7	7	9	14	15	18	23	17	8	13	16	12	

7	8	4	5	5	11	10	20	17	3	1	8	8	10	16	10	4	2	6	2	4	6	7	12	16	18	24	14	8	10	8	5	

6	4	1	3	2	7	14	20	17	11	6	10	8	4	16	9	3	5	14	7	7	8	5	4	13	22	27	18	21	16	12	7	

3	2	5	3	1	6	11	8	8	9	9	9	9	9	9	8	8	2	7	10	10	6	4	6	15	17	22	19	21	13	10	11	

4	3	7	3	2	6	6	10	6	6	5	10	6	1	0	4	6	3	10	15	5	4	3	10	14	12	19	22	19	14	16	15	

2	3	8	8	8	7	6	9	9	12	9	11	5	2	8	10	7	7	12	13	8	12	6	9	18	21	16	19	13	16	14	8	

1	2	3	3	6	9	7	10	12	8	5	11	6	2	7	9	13	16	13	17	19	19	13	18	23	23	21	20	10	7	7	6	

0	1	4	7	8	9	8	11	11	9	10	12	10	8	7	7	8	14	16	31	28	26	22	23	25	24	22	14	11	7	8	8	

0	0	4	7	10	10	7	4	5	7	4	4	5	5	10	13	12	15	15	20	25	26	23	25	26	20	14	8	5	3	6	7	

0	0	0	0	1	3	6	4	3	7	3	3	2	7	15	14	11	23	32	37	27	23	24	26	28	24	17	18	7	4	9	11	

0	0	2	3	2	1	4	4	2	3	1	4	4	9	10	11	13	20	26	36	33	20	30	27	32	25	17	16	10	7	8	9	

0	0	5	6	2	3	5	5	3	2	1	5	6	9	10	6	9	17	21	24	27	15	26	22	20	15	21	13	3	3	5	3	

